800 200 -0.095654 -0.007940
840 200 -0.074681 -0.009828
880 200 -0.054184 -0.009028
920 200 -0.032909 -0.009245
960 200 -0.012014 -0.010405
1000 200 0.009371 -0.009963
1040 200 0.031439 -0.010039
1080 200 0.052405 -0.010649
1120 200 0.073784 -0.010622
800 250 -0.095778 0.017440
840 250 -0.074532 0.017638
880 250 -0.054047 0.017767
920 250 -0.031851 0.017610
960 250 -0.010829 0.017411
1000 250 0.010240 0.016830
1040 250 0.031714 0.016796
1080 250 0.052782 0.016340
1120 250 0.074289 0.016530
800 300 -0.094984 0.044645
840 300 -0.073408 0.044221
880 300 -0.052785 0.045342
920 300 -0.032267 0.043978
960 300 -0.011011 0.044463
1000 300 0.010813 0.044321
1040 300 0.032485 0.044371
1080 300 0.053969 0.043656
1120 300 0.073548 0.041574
800 350 -0.094419 0.071815
840 350 -0.073709 0.071868
880 350 -0.052305 0.072903
920 350 -0.032204 0.071789
960 350 -0.010490 0.071160
1000 350 0.010866 0.071876
1040 350 0.032659 0.071215
1080 350 0.053076 0.071098
1120 350 0.074177 0.069765
800 400 -0.093453 0.098874
840 400 -0.073372 0.099178
880 400 -0.051939 0.098316
920 400 -0.029541 0.097512
960 400 -0.008438 0.098160
1000 400 0.012541 0.097740
1040 400 0.033058 0.097731
1080 400 0.055004 0.096503
1120 400 0.076301 0.096922
