700 150 -0.140658 -0.072625
760 150 -0.109902 -0.072510
820 150 -0.077709 -0.074087
880 150 -0.046501 -0.073610
940 150 -0.013497 -0.073120
1000 150 0.016979 -0.073576
1060 150 0.049751 -0.074861
1120 150 0.080158 -0.074748
1180 150 0.112922 -0.075535
700 250 -0.141177 -0.020798
760 250 -0.109474 -0.019629
820 250 -0.076136 -0.020080
880 250 -0.045683 -0.020498
940 250 -0.013134 -0.021173
1000 250 0.019370 -0.020399
1060 250 0.050060 -0.020096
1120 250 0.082547 -0.020482
1180 250 0.113663 -0.020551
700 350 -0.140680 0.034513
760 350 -0.108543 0.034958
820 350 -0.076743 0.034218
880 350 -0.044608 0.033583
940 350 -0.013635 0.033358
1000 350 0.019807 0.034121
1060 350 0.051214 0.033458
1120 350 0.083569 0.033092
1180 350 0.115759 0.032943
700 450 -0.138225 0.088301
760 450 -0.106638 0.088799
820 450 -0.074237 0.087238
880 450 -0.044266 0.086691
940 450 -0.012547 0.086156
1000 450 0.019710 0.086345
1060 450 0.051551 0.086868
1120 450 0.083236 0.086563
1180 450 0.115549 0.085355
